v,13
-7.308582894438587e-07,0.3897273540496826,4.3351898193359375
3.6542914472192933e-07,-0.3897273540496826,4.335188865661621
7.308582894438587e-07,-0.3897273540496826,-4.335190773010254
-3.6542914472192933e-07,0.3897273540496826,-4.335189342498779
9.134445190429688,12.111980438232422,1.6273514802378486e-06
9.134445190429688,2.014218807220459,2.014219284057617
9.134445190429688,-2.1567832391156117e-06,12.111980438232422
9.134445190429688,-2.014220714569092,2.014218807220459
9.134445190429688,-12.111980438232422,-2.686214429559186e-06
9.134445190429688,-2.0142202377319336,-2.01422119140625
9.134445190429688,1.7717857190291397e-06,-12.111980438232422
9.134445190429688,2.014218807220459,-2.0142202377319336
42.9356689453125,-2.384185791015625e-07,-1.1920928955078125e-07
n,13
-0.5827509164810181,0.5496688485145569,0.5985289812088013
-0.5827509164810181,-0.5496688485145569,0.5985289812088013
-0.5827509164810181,-0.5496688485145569,-0.5985289812088013
-0.5827509164810181,0.5496688485145569,-0.5985289812088013
0.3425702750682831,0.939481794834137,0.0
0.5587328672409058,0.5533921122550964,0.617694616317749
0.32880643010139465,0.0,0.9443647861480713
0.5587328672409058,-0.5533921122550964,0.617694616317749
0.3425702750682831,-0.939481794834137,0.0
0.5587328672409058,-0.5533921122550964,-0.617694616317749
0.32880643010139465,0.0,-0.9443647861480713
0.5587328672409058,0.5533921122550964,-0.617694616317749
1.0,0.0,0.0
m,1
d,20,1.0,1.0,1.0
11,3,4
7,1,8
3,11,10
10,2,3
6,7,5
10,11,9
8,9,7
5,11,4
0,4,3
2,9,8
2,10,9
1,7,6
7,9,12
11,5,12
5,7,12
9,11,12
0,5,4
8,1,2
6,0,1
0,6,5
u,60
0.8786579966545105,0.6986712217330933
0.915562629699707,0.6714819669723511
0.9969509840011597,0.7222673892974854
0.8314657807350159,0.7458633184432983
0.7945618629455566,0.7730528712272644
0.7131729125976562,0.7222673892974854
0.915562629699707,0.6714819669723511
0.8786579966545105,0.6986712217330933
0.8550618886947632,0.5803784132003784
0.11782867461442947,0.4146536886692047
0.12161941081285477,0.4902956187725067
0.11403805762529373,0.49029597640037537
0.8550617694854736,0.8641561269760132
0.8314657807350159,0.7458633184432983
0.878657877445221,0.7458633184432983
0.8550618886947632,0.5803784132003784
0.8786579966545105,0.6986712217330933
0.8314657807350159,0.6986712217330933
0.7131729125976562,0.7222673892974854
0.8314657807350159,0.6986712217330933
0.8314657807350159,0.7458633184432983
0.878657877445221,0.7458633184432983
0.8786579966545105,0.6986712217330933
0.9969509840011597,0.7222673892974854
0.11403805762529373,0.5746296644210815
1.9739149138331413e-05,0.5324627161026001
0.11403805762529373,0.49029597640037537
0.7945618629455566,0.6714812517166138
0.8314657807350159,0.6986712217330933
0.7131729125976562,0.7222673892974854
0.7945618629455566,0.6714812517166138
0.8550618886947632,0.5803784132003784
0.8314657807350159,0.6986712217330933
0.7945618629455566,0.7730528712272644
0.8314657807350159,0.7458633184432983
0.8550617694854736,0.8641561269760132
0.8314657807350159,0.7458633184432983
0.8314657807350159,0.6986712217330933
0.8550618886947632,0.7222674489021301
0.8786579966545105,0.6986712217330933
0.878657877445221,0.7458633184432983
0.8550618886947632,0.7222674489021301
0.878657877445221,0.7458633184432983
0.8314657807350159,0.7458633184432983
0.8550618886947632,0.7222674489021301
0.8314657807350159,0.6986712217330933
0.8786579966545105,0.6986712217330933
0.8550618886947632,0.7222674489021301
0.915562629699707,0.7730531692504883
0.878657877445221,0.7458633184432983
0.9969509840011597,0.7222673892974854
0.23563773930072784,0.5324627161026001
0.12161941081285477,0.5746293067932129
0.12161941081285477,0.4902956187725067
0.11782867461442947,0.6502715349197388
0.11403805762529373,0.5746296644210815
0.12161941081285477,0.5746293067932129
0.915562629699707,0.7730531692504883
0.8550617694854736,0.8641561269760132
0.878657877445221,0.7458633184432983
