v,50
-93.88587188720703,-19.548072814941406,-18.450593948364258,
-89.12165069580078,131.96218872070312,-17.514320373535156,
89.12165069580078,131.96218872070312,-17.514320373535156,
93.88587188720703,-19.548072814941406,-18.450593948364258,
-93.88587188720703,-19.548072814941406,18.450593948364258,
-89.12165069580078,131.96218872070312,17.514320373535156,
89.12165069580078,131.96218872070312,17.514320373535156,
93.88587188720703,-19.548072814941406,18.450593948364258,
-25.488815307617188,20.998119354248047,5.657102584838867,
0.0,75.3358154296875,0.9467700123786926,
25.488815307617188,20.998119354248047,5.657102584838867,
25.488815307617188,20.998119354248047,-5.657102584838867,
0.0,75.3358154296875,-3.5109260082244873,
-25.488815307617188,20.998119354248047,-5.657102584838867,
14.903172492980957,-41.75079345703125,1.1438047885894775,
0.0,-21.321632385253906,7.310054779052734,
-14.903172492980957,-41.75079345703125,1.1438047885894775,
-14.903172492980957,-41.75079345703125,-1.1438047885894775,
0.0,-21.321630477905273,-3.5109260082244873,
14.903172492980957,-41.75079345703125,-1.1438047885894775,
-36.86532211303711,-1.115412712097168,6.021815776824951,
-65.57417297363281,31.3171329498291,1.5153685808181763,
-69.55133819580078,77.43209838867188,2.010819673538208,
-69.55133819580078,77.43209838867188,-2.010819673538208,
-65.57417297363281,31.3171329498291,-1.5153685808181763,
-36.86532211303711,-1.115412712097168,-6.021815776824951,
69.55133819580078,77.43209838867188,2.010819673538208,
65.57417297363281,31.3171329498291,1.5153685808181763,
36.86532211303711,-1.115412712097168,6.021815776824951,
36.86532211303711,-1.115412712097168,-6.021815776824951,
65.57417297363281,31.3171329498291,-1.5153685808181763,
69.55133819580078,77.43209838867188,-2.010819673538208,
-19.907550811767578,1.3966569900512695,-3.5109260082244873,
-13.612283706665039,-12.603063583374023,-3.5109260082244873,
-13.598450660705566,-26.208574295043945,-3.5109260082244873,
0.0,38.72669219970703,-3.5109260082244873,
0.0,15.935535430908203,-3.5109260082244873,
0.0,-4.212902069091797,-3.5109260082244873,
19.907550811767578,1.3966569900512695,-3.5109260082244873,
13.612283706665039,-12.603063583374023,-3.5109260082244873,
13.598450660705566,-26.208574295043945,-3.5109260082244873,
19.907550811767578,1.3966569900512695,5.861499786376953,
13.612283706665039,-12.60306453704834,4.644521236419678,
13.598450660705566,-26.20857048034668,5.132990837097168,
0.0,28.294466018676758,16.267658233642578,
0.0,2.33491849899292,18.067289352416992,
0.0,-17.813518524169922,9.596383094787598,
-19.907550811767578,1.3966569900512695,5.861499786376953,
-13.612283706665039,-12.60306453704834,4.644521236419678,
-13.598450660705566,-26.20857048034668,5.132990837097168,
n,50
-0.765160083770752,-0.014984588138759136,-0.6436353921890259,
-0.33115634322166443,0.7097384333610535,-0.6217230558395386,
0.33115634322166443,0.7097384333610535,-0.6217230558395386,
0.765160083770752,-0.014984588138759136,-0.6436353921890259,
-0.765160083770752,-0.014984588138759136,0.6436353921890259,
-0.33115634322166443,0.7097384333610535,0.6217230558395386,
0.33115634322166443,0.7097384333610535,0.6217230558395386,
0.765160083770752,-0.014984588138759136,0.6436353921890259,
-0.23694570362567902,0.2619403600692749,0.9355143904685974,
0.0,0.8941007852554321,0.44779810309410095,
0.23694570362567902,0.2619403600692749,0.9355143904685974,
0.1272621899843216,0.1425824761390686,-0.981536328792572,
0.0,0.8412732481956482,-0.5405743718147278,
-0.1272621899843216,0.1425824761390686,-0.981536328792572,
-0.2685628831386566,-0.8229315876960754,0.5005950927734375,
0.0,-0.6709799766540527,0.7414472103118896,
0.2685628831386566,-0.8229315876960754,0.5005950927734375,
0.28879666328430176,-0.7995238900184631,-0.5265969038009644,
0.0,-0.3585619628429413,-0.9334696531295776,
-0.28879666328430176,-0.7995238900184631,-0.5265969038009644,
-0.13989683985710144,0.29599902033805847,0.9448530673980713,
-0.7396160960197449,-0.30509352684020996,0.599871814250946,
-0.8456373810768127,-0.32154300808906555,0.42600786685943604,
-0.844660758972168,-0.3239234685897827,-0.42609941959381104,
-0.7231360673904419,-0.3038422763347626,-0.6202582120895386,
-0.09643848985433578,0.3318582773208618,-0.9383525848388672,
0.8456373810768127,-0.32154300808906555,0.42600786685943604,
0.7396160960197449,-0.30509352684020996,0.599871814250946,
0.13989683985710144,0.29599902033805847,0.9448530673980713,
0.09643848985433578,0.3318582773208618,-0.9383525848388672,
0.7231360673904419,-0.3038422763347626,-0.6202582120895386,
0.844660758972168,-0.3239234685897827,-0.42609941959381104,
-0.02932828664779663,-0.03106784261763096,-0.99908447265625,
0.042420729994773865,0.014130069874227047,-0.9989928603172302,
0.011719107627868652,-0.1033661887049675,-0.9945676922798157,
0.0,-0.010742515325546265,-0.99993896484375,
0.0,0.0,-1.0,
0.0,0.0,-0.999969482421875,
0.02932828664779663,-0.03106784261763096,-0.99908447265625,
-0.042420729994773865,0.014130069874227047,-0.9989928603172302,
-0.011719107627868652,-0.1033661887049675,-0.9945676922798157,
0.3246558904647827,-0.14175847172737122,0.9351176619529724,
0.22659993171691895,-0.1033661887049675,0.9684743881225586,
0.1426740288734436,-0.17282631993293762,0.9745475649833679,
0.0,0.17059846222400665,0.9853205680847168,
0.0,-0.1356852948665619,0.9907223582267761,
0.0,-0.3318887948989868,0.9432966113090515,
-0.3246558904647827,-0.14175847172737122,0.9351176619529724,
-0.22659993171691895,-0.1033661887049675,0.9684743881225586,
-0.1426740288734436,-0.17282631993293762,0.9745475649833679,
d,96,1.0,0.0,0.0
22,5,1
10,6,2
28,7,3
16,4,0
38,11,31
47,8,22
5,8,13
8,9,13
9,10,11
7,14,19
14,15,18
15,16,18
32,23,13
32,13,35
38,35,11
41,26,10
41,10,44
44,9,8
4,20,25
20,21,24
21,22,23
6,26,31
26,27,30
27,28,29
19,40,29
40,39,29
39,38,30
16,49,20
49,48,20
48,47,21
0,25,17
34,25,33
24,23,32
17,34,18
34,33,37
33,32,36
18,37,40
40,37,39
36,35,38
7,28,14
28,27,42
27,26,41
14,43,15
43,42,46
42,41,45
15,46,49
46,45,48
45,44,47
23,22,1
11,10,2
29,28,3
17,16,0
8,5,22
23,1,13
1,5,13
9,12,13
12,9,11
3,7,19
19,14,18
16,17,18
13,12,35
35,12,11
26,6,10
39,30,29
10,9,44
47,44,8
0,4,25
25,20,24
24,21,23
2,6,31
31,26,30
30,27,29
3,19,29
25,24,33
38,31,30
4,16,20
48,21,20
47,22,21
25,34,17
33,36,37
33,24,32
34,37,18
37,36,39
32,35,36
19,18,40
39,36,38
28,43,14
43,28,42
42,27,41
43,46,15
42,45,46
41,44,45
16,15,49
49,46,48
48,45,47
11,2,31
c,288
255,0,0
255,0,0
255,0,0
0,172,254
255,0,0
255,0,0
255,0,0
255,0,0
255,0,0
255,0,0
255,0,0
255,0,0
255,0,197
255,0,0
255,0,0
255,239,0
0,172,254
255,0,0
255,0,0
0,172,254
255,0,0
0,172,254
0,172,254
255,0,0
0,172,254
0,172,254
255,0,0
255,0,0
255,0,0
255,0,0
255,0,0
255,0,0
255,0,0
255,0,0
255,0,0
255,0,0
255,0,197
255,0,0
255,0,0
255,0,197
255,0,0
255,255,255
255,0,197
255,255,255
255,0,0
255,238,0
255,0,0
0,172,254
255,238,0
0,172,254
0,173,254
0,173,254
0,172,254
0,172,254
255,0,0
255,0,0
255,0,0
255,0,0
255,0,0
255,0,0
255,0,0
255,0,0
255,0,0
255,0,0
255,0,0
255,0,0
255,0,0
255,0,0
255,0,0
255,0,0
255,0,0
255,0,0
255,0,0
255,0,0
255,0,0
255,0,0
255,0,0
255,0,0
255,0,0
255,0,197
255,0,0
255,0,0
255,238,0
255,0,0
255,238,0
255,238,0
255,0,0
255,238,0
255,239,0
255,0,0
255,0,0
255,0,0
255,0,0
255,0,0
255,0,0
255,0,0
255,0,0
255,0,0
255,0,197
255,0,0
255,0,0
255,0,0
255,0,0
255,0,0
255,254,254
255,0,0
255,0,197
255,254,254
255,0,0
255,254,254
255,0,0
255,0,0
255,254,254
255,0,0
255,254,254
255,255,255
255,0,197
255,0,0
255,0,0
255,0,0
255,0,0
255,0,0
255,216,0
255,0,0
255,0,0
255,238,0
255,0,0
255,238,0
255,0,0
255,238,0
255,216,0
255,0,0
255,216,0
255,238,0
255,0,0
255,0,0
255,0,0
255,238,0
255,0,0
255,0,0
255,238,0
255,0,0
0,173,254
255,239,0
255,0,0
255,0,0
255,0,0
255,0,0
0,172,254
255,0,0
255,0,0
255,0,0
255,0,0
255,0,0
255,0,0
255,0,0
0,172,254
255,0,0
255,0,0
255,0,0
255,0,0
255,0,0
255,0,0
255,0,0
255,0,0
0,172,254
255,0,0
255,0,0
255,0,0
0,172,254
255,0,0
255,0,0
255,0,0
255,0,0
255,0,0
255,0,0
255,0,0
255,0,0
255,0,0
255,0,0
255,0,0
255,0,0
255,255,255
255,255,255
255,0,0
255,0,0
255,0,0
255,0,0
0,172,254
255,0,0
255,0,0
255,0,0
0,172,254
0,172,254
0,173,254
255,239,0
0,173,254
0,172,254
255,0,0
255,0,0
255,0,0
255,0,0
255,0,0
255,0,0
255,0,0
255,0,0
255,0,0
255,0,0
255,0,0
255,0,0
255,0,0
255,0,0
255,0,0
255,0,0
255,0,0
255,0,0
255,0,0
255,0,0
255,0,0
255,0,0
255,0,0
255,0,0
255,0,197
255,0,0
255,0,0
255,0,0
255,0,0
255,0,0
255,238,0
255,0,0
255,0,0
255,239,0
255,0,0
255,0,0
255,0,0
255,0,0
255,0,0
255,0,0
255,254,254
255,254,254
255,0,0
255,0,0
255,0,197
255,0,0
255,254,254
255,0,0
255,254,254
255,254,254
255,0,0
255,0,197
255,255,255
255,254,254
255,0,0
255,0,0
255,0,0
255,0,0
255,254,254
255,0,197
255,0,0
255,238,0
255,0,0
255,238,0
255,0,0
255,216,0
255,216,0
255,0,0
255,238,0
255,238,0
255,0,0
255,0,0
255,216,0
255,0,0
255,0,0
255,238,0
0,173,254
255,0,0
255,0,0
255,0,0
255,238,0
255,238,0
255,0,0
255,238,0
255,238,0
255,0,0
255,239,0
255,0,0
255,0,0
255,0,0
