v,47
-13.991995811462402,-16.889101028442383,1.6557143926620483,
-16.541765213012695,-34.076499938964844,8.341638565063477,
-13.991995811462402,-16.889101028442383,-1.5877050161361694,
-25.853830337524414,-10.727394104003906,4.0747294425964355,
-30.565183639526367,-25.584354400634766,5.942254543304443,
-25.853830337524414,-10.727394104003906,-4.006720066070557,
-29.89312171936035,7.559079170227051,5.335825443267822,
-39.935333251953125,-9.851091384887695,3.858283042907715,
-33.77965545654297,0.8964507579803467,-5.267816066741943,
-35.86029052734375,8.710782051086426,4.823337078094482,
-42.395111083984375,0.41566726565361023,3.5394327640533447,
-35.86029052734375,8.710782051086426,-4.7553277015686035,
-28.645828247070312,75.28837585449219,0.8472511768341064,
-29.543895721435547,87.61669921875,1.028605341911316,
-38.715179443359375,88.15896606445312,0.7016651630401611,
-27.33212661743164,81.2262191772461,-1.051748275756836,
-40.214698791503906,29.05765151977539,3.5394327640533447,
-38.07303237915039,58.137351989746094,3.5394327640533447,
-32.15169143676758,56.652732849121094,-2.284188747406006,
-34.99441146850586,32.46944808959961,-3.516629219055176,
-32.15169143676758,56.652732849121094,2.3521976470947266,
-23.519886016845703,53.012550354003906,3.5846385955810547,
13.991995811462402,-16.889101028442383,1.6557143926620483,
16.541765213012695,-34.076499938964844,8.341638565063477,
13.991995811462402,-16.889101028442383,-1.5877050161361694,
25.853830337524414,-10.727394104003906,4.0747294425964355,
30.565183639526367,-25.584354400634766,5.942254543304443,
25.853830337524414,-10.727394104003906,-4.006720066070557,
29.89312171936035,7.559079170227051,5.335825443267822,
39.935333251953125,-9.851091384887695,3.858283042907715,
33.77965545654297,0.8964507579803467,-5.267816066741943,
35.86029052734375,8.710782051086426,4.823337078094482,
42.395111083984375,0.41566726565361023,3.5394327640533447,
35.86029052734375,8.710782051086426,-4.7553277015686035,
28.645828247070312,75.28837585449219,0.8472511768341064,
29.543895721435547,87.61669921875,1.028605341911316,
38.715179443359375,88.15896606445312,0.7016651630401611,
27.33212661743164,81.2262191772461,-1.051748275756836,
40.214698791503906,29.05765151977539,3.5394327640533447,
38.07303237915039,58.137351989746094,3.5394327640533447,
32.15169143676758,56.652732849121094,-2.284188747406006,
34.99441146850586,32.46944808959961,-3.516629219055176,
32.15169143676758,56.652732849121094,2.3521976470947266,
23.519886016845703,53.012550354003906,3.5846385955810547,
-2.4822016712278128e-05,-18.64141273498535,2.6350607872009277,
-2.8970740459044464e-05,-36.58390808105469,9.432101249694824,
-2.4822016712278128e-05,-18.64141273498535,-2.567051410675049,
n,47
-0.2309640794992447,-0.766594409942627,-0.599108874797821,
0.4281746745109558,0.8140507340431213,-0.39237648248672485,
-0.16895046830177307,-0.41044342517852783,0.8960844874382019,
0.41032135486602783,-0.45844903588294983,0.7882931232452393,
-0.8492385745048523,0.5081026554107666,-0.143436998128891,
-0.1909543126821518,-0.5868098735809326,-0.7868587374687195,
0.6610308885574341,0.5423444509506226,0.5184789299964905,
-0.8454542756080627,-0.45677053928375244,0.2766197621822357,
0.12494277954101562,0.014191106893122196,-0.9920346736907959,
0.23389385640621185,0.28861355781555176,0.9284035563468933,
-0.9438764452934265,-0.12283699959516525,0.30655843019485474,
0.07287819683551788,0.2850123643875122,-0.9557176232337952,
0.7677541375160217,-0.10217596590518951,0.6324961185455322,
0.4940946698188782,0.8580583930015564,0.13986632227897644,
-0.7439802289009094,0.6680806875228882,-0.009796441532671452,
0.8526566624641418,0.08590960502624512,-0.5153050422668457,
-0.8980681896209717,0.10507522523403168,0.4270454943180084,
-0.8566240668296814,0.23419904708862305,0.4597003161907196,
0.13290810585021973,0.2941679060459137,-0.9464400410652161,
-0.0239570289850235,-0.09970396757125854,-0.9947202801704407,
0.4841456413269043,0.2706076204776764,0.8320566415786743,
0.8915677070617676,0.335276335477829,0.30439162254333496,
0.2309640794992447,-0.766594409942627,-0.599108874797821,
-0.4281746745109558,0.8140507340431213,-0.39237648248672485,
0.16895046830177307,-0.41044342517852783,0.8960844874382019,
-0.41032135486602783,-0.45844903588294983,0.7882931232452393,
0.8492385745048523,0.5081026554107666,-0.143436998128891,
0.1909543126821518,-0.5868098735809326,-0.7868587374687195,
-0.6610308885574341,0.5423444509506226,0.5184789299964905,
0.8454542756080627,-0.45677053928375244,0.2766197621822357,
-0.12494277954101562,0.014191106893122196,-0.9920346736907959,
-0.23389385640621185,0.28861355781555176,0.9284035563468933,
0.9438764452934265,-0.12283699959516525,0.30655843019485474,
-0.07287819683551788,0.2850123643875122,-0.9557176232337952,
-0.7677541375160217,-0.10217596590518951,0.6324961185455322,
-0.4940946698188782,0.8580583930015564,0.13986632227897644,
0.7439802289009094,0.6680806875228882,-0.009796441532671452,
-0.8526566624641418,0.08590960502624512,-0.5153050422668457,
0.8980681896209717,0.10507522523403168,0.4270454943180084,
0.8566240668296814,0.23419904708862305,0.4597003161907196,
-0.13290810585021973,0.2941679060459137,-0.9464400410652161,
0.0239570289850235,-0.09970396757125854,-0.9947202801704407,
-0.4841456413269043,0.2706076204776764,0.8320566415786743,
-0.8915677070617676,0.335276335477829,0.30439162254333496,
0.0,-0.7968688011169434,-0.6041443943977356,
0.0,0.8915982246398926,-0.4528031349182129,
0.0,-0.4199346899986267,0.9075289368629456,
d,90,1.0,0.0,0.0
16,17,19
19,11,16
11,8,10
4,7,5
4,1,2
1,45,46
7,6,10
17,20,12
11,19,9
11,9,6
0,44,1
3,0,4
3,6,7
8,6,3
3,5,2
0,2,46
10,9,16
16,21,20
15,12,18
18,20,21
17,13,14
13,15,14
12,15,13
17,14,15
38,41,39
41,38,33
33,32,30
26,27,29
26,27,24
23,24,46
29,32,28
39,35,34
43,41,31
33,30,28
22,23,44
25,26,22
25,26,29
30,27,25
25,22,24
22,44,46
32,38,31
38,39,42
37,40,34
40,41,43
39,36,35
35,36,37
34,35,37
39,40,37
17,18,19
11,10,16
8,7,10
7,8,5
5,4,2
2,1,46
6,9,10
13,17,12
9,21,16
8,11,6
44,45,1
0,1,4
4,3,7
5,8,3
0,3,2
44,0,46
41,33,31
17,16,20
12,20,18
19,18,21
18,17,15
41,40,39
38,32,33
32,29,30
27,30,29
23,26,24
45,23,46
32,31,28
42,39,34
38,43,31
31,33,28
23,45,44
26,23,22
28,25,29
28,30,25
27,25,24
24,22,46
43,38,42
40,42,34
42,40,43
36,39,37
19,21,9
c,270
255,47,0
255,22,0
255,0,0
255,0,0
255,0,0
255,47,0
255,0,0
255,0,0
255,20,0
255,0,0
255,0,0
255,0,0
255,0,0
255,0,0
255,0,0
255,0,0
255,0,0
255,0,0
255,0,0
254,215,0
255,0,0
255,0,0
255,0,0
255,0,0
255,0,0
255,0,0
255,0,0
255,0,0
255,0,0
254,197,0
255,0,0
255,0,0
255,0,0
255,0,0
255,0,0
255,0,0
255,0,0
254,215,0
255,0,0
254,0,0
254,197,0
255,0,0
255,0,0
255,0,0
255,0,0
255,0,0
255,0,0
255,0,0
255,0,0
255,77,0
255,0,0
255,0,0
254,215,0
255,0,0
255,0,0
255,0,0
255,0,0
255,0,0
255,0,0
255,197,0
255,0,0
255,0,0
255,0,0
255,0,0
255,0,0
255,0,0
255,0,0
255,0,0
255,0,0
255,22,0
255,0,0
255,0,0
255,0,0
255,0,0
255,0,0
255,0,0
255,0,0
255,0,0
255,0,0
255,0,0
255,0,0
255,0,0
255,0,0
255,0,0
255,0,0
255,0,0
255,0,0
255,0,0
255,0,0
255,0,0
255,0,0
255,0,0
246,202,0
255,0,0
255,0,0
255,0,0
255,197,0
255,0,0
255,0,0
255,0,0
255,0,0
255,197,0
255,0,0
255,0,0
255,0,0
255,0,0
255,0,0
255,0,0
255,0,0
255,0,0
255,0,0
255,0,0
255,0,0
255,0,0
255,0,0
255,38,0
255,0,0
255,38,0
255,0,0
255,0,0
255,0,0
255,0,0
255,0,0
255,0,0
255,0,0
255,0,0
255,0,0
255,0,0
255,0,0
255,0,0
255,0,0
255,197,0
255,0,0
255,0,0
255,0,0
255,0,0
255,0,0
255,0,0
255,0,0
255,0,0
255,0,0
255,0,0
255,0,0
255,0,0
255,22,0
255,0,0
255,0,0
255,0,0
255,20,0
255,47,0
255,0,0
255,0,0
255,20,0
255,0,0
255,0,0
255,0,0
255,0,0
255,0,0
255,0,0
255,0,0
255,0,0
255,0,0
254,215,0
255,77,0
255,0,0
255,0,0
255,0,0
255,0,0
255,77,0
253,214,0
255,0,0
254,0,0
255,0,0
254,197,0
255,0,0
255,0,0
255,0,0
255,0,0
255,0,0
255,0,0
255,0,0
255,0,0
255,0,0
255,0,0
254,0,0
255,0,0
255,0,0
255,0,0
255,0,0
255,0,0
255,0,0
255,0,0
255,0,0
255,0,0
255,0,0
255,0,0
255,0,0
255,0,0
255,0,0
255,0,0
255,0,0
255,0,0
255,0,0
255,197,0
255,0,0
255,22,0
255,0,0
255,0,0
255,0,0
255,0,0
255,0,0
255,0,0
255,0,0
255,0,0
255,0,0
255,0,0
255,0,0
255,0,0
255,0,0
255,0,0
255,0,0
255,0,0
255,0,0
255,0,0
255,0,0
255,0,0
255,0,0
246,202,0
255,0,0
255,0,0
255,0,0
255,0,0
254,215,0
255,0,0
255,0,0
255,0,0
255,197,0
255,0,0
255,0,0
255,0,0
255,0,0
255,0,0
255,0,0
246,202,0
255,0,0
255,0,0
255,197,0
255,0,0
255,0,0
255,0,0
255,0,0
255,0,0
255,0,0
255,38,0
255,0,0
254,215,0
255,0,0
255,0,0
255,0,0
255,0,0
255,0,0
255,0,0
255,0,0
255,197,0
255,0,0
255,0,0
255,0,0
255,0,0
254,197,0
255,0,0
