v,66
-100.00001525878906,-1.52587890625e-05,7.62939453125e-06,
-44.721954345703125,-52.57252502441406,-72.36072540283203,
-42.20287322998047,-115.83187103271484,26.081960678100586,
-44.72158432006836,-2.288818359375e-05,89.44264221191406,
-44.72201156616211,85.06491088867188,27.63882827758789,
-44.72196960449219,52.572540283203125,-72.36071014404297,
42.202880859375,-115.83187103271484,-26.08196449279785,
44.72193908691406,-52.57252502441406,72.3607406616211,
44.721923828125,52.572509765625,72.36075592041016,
44.721954345703125,85.06491088867188,-27.63876724243164,
44.72154998779297,2.288818359375e-05,-89.44261169433594,
99.99998474121094,1.52587890625e-05,2.288818359375e-05,
-85.0654296875,-30.901138305664062,-42.532264709472656,
-49.61238098144531,-111.90265655517578,-24.806196212768555,
-85.06544494628906,-49.999534606933594,16.245559692382812,
-85.0654296875,30.901123046875,-42.532257080078125,
-52.57359313964844,0.0,-85.06478118896484,
-52.573631286621094,-49.99971008300781,68.81892395019531,
-85.06517791748047,-1.52587890625e-05,52.57298278808594,
-52.57364273071289,49.99967956542969,68.81893920898438,
-85.06546020507812,49.99951171875,16.245574951171875,
-52.573795318603516,80.90116882324219,-26.286861419677734,
-1.52587890625e-05,30.901275634765625,-95.10577392578125,
-7.62939453125e-06,-30.9012451171875,-95.10578155517578,
7.731840014457703e-06,-111.90309143066406,-55.467681884765625,
3.4332275390625e-05,-344.19537353515625,-39.273048400878906,
-2.9213879315648228e-08,-111.90309143066406,55.467681884765625,
-2.288818359375e-05,-30.901275634765625,95.1058120727539,
-3.0517578125e-05,30.9012451171875,95.10581970214844,
-3.0517578125e-05,80.90165710449219,58.778587341308594,
-2.9840788556612097e-05,100.0,2.984078491863329e-05,
-2.288818359375e-05,80.90168762207031,-58.778533935546875,
52.573612213134766,-49.99967956542969,-68.81890869140625,
49.61238098144531,-111.90265655517578,24.806196212768555,
52.57356262207031,0.0,85.06481170654297,
52.57373809814453,80.90116882324219,26.28691291809082,
52.5735969543457,49.99971008300781,-68.81889343261719,
85.06513977050781,1.52587890625e-05,-52.57295227050781,
85.0654296875,-49.99951934814453,-16.24553680419922,
85.06539916992188,-30.901138305664062,42.53228759765625,
85.06539916992188,30.901153564453125,42.53229522705078,
85.06541442871094,49.999542236328125,-16.245529174804688,
4.76837158203125e-06,-170.8994140625,3.676565170288086,
21.635196685791016,-148.95098876953125,-31.66977310180664,
-25.254959106445312,-149.3431854248047,-31.038257598876953,
25.254966735839844,-162.6657257080078,-9.583151817321777,
-21.635189056396484,-163.05792236328125,-8.951634407043457,
2.667203943929053e-06,-141.1094970703125,-44.2979736328125,
1.9073486328125e-05,-242.01231384277344,-47.637359619140625,
4.909893035888672,-243.36924743652344,-56.981475830078125,
-4.909847259521484,-242.4971160888672,-50.975730895996094,
5.731357574462891,-242.52134704589844,-51.14269256591797,
-5.731319427490234,-243.3450164794922,-56.81452178955078,
1.9073486328125e-05,-243.8540496826172,-60.319847106933594,
11.156244277954102,-201.16331481933594,-32.547637939453125,
-11.156217575073242,-197.77430725097656,-42.54620361328125,
-2.454906463623047,-293.34625244140625,-55.68199920654297,
1.830172368499916e-05,-195.67982482910156,-48.72554016113281,
2.6702880859375e-05,-293.10382080078125,-54.01282501220703,
2.6702880859375e-05,-294.02471923828125,-60.35406494140625,
8.40115717437584e-06,-203.25779724121094,-26.368301391601562,
2.8656959533691406,-293.3583984375,-55.765480041503906,
9.557232856750488,-197.67459106445312,-42.84053421020508,
2.454967498779297,-293.78228759765625,-58.68487548828125,
-9.557206153869629,-201.2631072998047,-32.253334045410156,
-2.865642547607422,-293.77020263671875,-58.601402282714844,
n,66
-1.0,0.0,0.0,
-0.4839320182800293,-0.3906369209289551,-0.7830439209938049,
-0.6930448412895203,-0.5621509552001953,0.4512466788291931,
-0.44718772172927856,0.0,0.8944059610366821,
-0.44721823930740356,0.8506424427032471,0.2763756215572357,
-0.44718772172927856,0.5257118344306946,-0.7235938310623169,
0.7630848288536072,-0.4593340754508972,-0.4545731842517853,
0.4839320182800293,-0.3906369209289551,0.7830439209938049,
0.44718772172927856,0.5257118344306946,0.7235938310623169,
0.44721823930740356,0.8506424427032471,-0.2763756215572357,
0.44718772172927856,0.0,-0.8944059610366821,
1.0,0.0,0.0,
-0.8644673228263855,-0.2534257173538208,-0.43406474590301514,
-0.7930539846420288,-0.491622656583786,-0.35963010787963867,
-0.9022797346115112,-0.3881038725376129,0.18759727478027344,
-0.8506424427032471,0.3089998960494995,-0.42530596256256104,
-0.5257118344306946,0.0,-0.8506424427032471,
-0.5713370442390442,-0.3881038725376129,0.7231360673904419,
-0.8506424427032471,0.0,0.5257118344306946,
-0.5257118344306946,0.4999847412109375,0.6881618499755859,
-0.8506424427032471,0.4999847412109375,0.16245003044605255,
-0.5257118344306946,0.808984637260437,-0.2628559172153473,
0.0,0.3089998960494995,-0.9510483145713806,
-0.0016174810007214546,-0.2534257173538208,-0.9673451781272888,
0.019653920084238052,-0.4537186920642853,-0.8908963203430176,
-0.0001831110566854477,-0.9429304003715515,0.3329569399356842,
-0.0032349620014429092,-0.5873897671699524,0.809289813041687,
0.0016174810007214546,-0.2534257173538208,0.9673451781272888,
0.0,0.3089998960494995,0.9510483145713806,
0.0,0.809015154838562,0.5877559781074524,
0.0,1.0,0.0,
0.0,0.809015154838562,-0.5877559781074524,
0.5713370442390442,-0.3881038725376129,-0.7231360673904419,
0.7356486916542053,-0.557451069355011,0.38474684953689575,
0.5257118344306946,0.0,0.8506424427032471,
0.5257118344306946,0.808984637260437,0.2628559172153473,
0.5257118344306946,0.4999847412109375,-0.6881618499755859,
0.8506424427032471,0.0,-0.5257118344306946,
0.9022797346115112,-0.3881038725376129,-0.18759727478027344,
0.8644673228263855,-0.2534257173538208,0.43406474590301514,
0.8506424427032471,0.3089998960494995,0.42530596256256104,
0.8506424427032471,0.4999847412109375,-0.16245003044605255,
-0.02072206884622574,-0.695181131362915,0.7185277938842773,
0.7227393388748169,-0.19312113523483276,-0.6635334491729736,
-0.7679677605628967,-0.2949308753013611,-0.5684987902641296,
0.8281502723693848,-0.5243079662322998,0.1980651319026947,
-0.7927793264389038,-0.5339213013648987,0.2939237654209137,
0.0631733164191246,-0.1675771325826645,-0.9838252067565918,
-0.0238959938287735,-0.32831811904907227,0.9442426562309265,
0.8310189843177795,0.04113895073533058,-0.5547044277191162,
-0.843317985534668,-0.19565416872501373,0.5005035400390625,
0.9094210863113403,-0.17380291223526,0.37772759795188904,
-0.8852198719978333,0.01733451336622238,-0.46479690074920654,
0.02301095612347126,0.10812707990407944,-0.9938657879829407,
0.8721579909324646,-0.3888363242149353,0.29685354232788086,
-0.8763390183448792,-0.06509598344564438,-0.4772484600543976,
-0.8722190260887146,0.010528885759413242,0.48896756768226624,
0.024170659482479095,0.1506393551826477,-0.9882808923721313,
-0.026032287627458572,0.07312235236167908,0.9969786405563354,
0.022675253450870514,-0.19385357201099396,-0.9807428121566772,
-0.030396435409784317,-0.5893124341964722,0.8073061108589172,
0.9291665554046631,-0.012085329741239548,0.36942654848098755,
0.8235114812850952,-0.002136295661330223,-0.5672780275344849,
0.826593816280365,-0.13046662509441376,-0.5474104881286621,
-0.8166142702102661,-0.40049439668655396,0.41557055711746216,
-0.8760948777198792,-0.12485121935606003,-0.46562090516090393,
d,128,1.0,0.0,0.0
0,12,14
1,12,16
0,14,18
0,18,20
0,20,15
1,16,23
2,13,46
3,17,27
4,19,29
5,21,31
1,23,24
2,46,42
3,27,28
4,29,30
5,31,22
6,32,38
7,33,39
8,34,40
9,35,41
10,36,37
14,13,2
14,12,13
12,1,13
16,15,5
16,12,15
12,0,15
18,17,3
18,14,17
14,2,17
20,19,4
20,18,19
18,3,19
15,21,5
15,20,21
20,4,21
23,22,10
23,16,22
16,5,22
59,53,63
44,13,24
13,1,24
27,26,7
27,17,26
17,2,26
29,28,8
29,19,28
19,3,28
31,30,9
31,21,30
21,4,30
24,32,6
24,23,32
23,10,32
26,33,7
48,58,51
63,49,61
28,34,8
28,27,34
27,7,34
30,35,9
30,29,35
29,8,35
22,36,10
22,31,36
31,9,36
38,37,11
38,32,37
32,10,37
39,38,11
39,33,38
33,6,38
40,39,11
40,34,39
34,7,39
41,40,11
41,35,40
35,8,40
37,41,11
37,36,41
36,9,41
43,6,45
42,46,60
43,47,6
55,44,57
46,44,55
26,42,33
49,62,51
53,57,49
25,65,59
56,65,25
56,25,58
60,48,54
64,55,50
62,43,45
65,52,53
50,56,58
25,63,61
25,59,63
64,50,48
52,55,57
57,47,43
50,52,56
42,60,54
58,25,61
13,44,46
26,2,42
53,49,63
47,44,24
58,61,51
49,51,61
6,33,45
47,24,6
44,47,57
64,46,55
42,45,33
62,54,51
57,62,49
48,51,54
55,52,50
54,62,45
59,65,53
48,50,58
60,64,48
53,52,57
62,57,43
52,65,56
45,42,54
46,64,60
c,384
251,255,248
255,0,0
255,0,0
255,0,0
255,0,0
251,254,247
251,255,248
255,0,0
255,0,0
251,255,248
255,0,0
255,0,77
251,255,248
255,0,77
255,0,78
255,0,0
251,254,247
255,0,0
255,70,0
255,70,0
255,130,0
251,254,247
255,0,0
255,0,0
255,0,130
255,0,77
255,0,130
255,0,77
255,0,130
255,0,130
255,0,0
255,0,0
255,70,0
255,70,0
255,130,0
255,130,0
251,254,247
255,0,0
255,0,77
255,0,130
255,0,130
255,0,240
255,0,77
255,0,130
255,0,77
255,70,0
255,0,0
255,0,0
255,0,0
255,70,0
255,0,0
255,0,77
251,254,247
255,0,77
255,0,130
255,0,130
255,0,77
251,254,247
255,0,77
255,0,0
255,0,0
255,70,0
255,70,0
255,0,0
255,0,0
255,70,0
255,0,0
255,0,0
255,70,0
251,254,247
255,0,78
255,0,77
251,254,247
255,0,0
255,0,78
255,0,0
251,255,248
255,0,78
255,0,0
255,0,0
251,254,247
255,0,0
255,0,0
255,0,0
255,0,0
255,70,0
255,0,0
255,0,77
255,0,77
255,0,130
255,0,77
255,0,0
255,0,77
255,0,0
251,254,247
255,0,77
255,0,78
255,0,130
255,0,77
255,0,78
255,0,77
255,0,130
255,0,77
255,0,130
255,0,130
255,0,0
255,0,77
251,254,247
255,0,0
251,254,247
255,0,77
251,254,247
255,0,77
255,0,77
172,254,0
255,254,0
172,254,0
255,130,0
255,70,0
255,70,0
255,70,0
255,0,0
255,70,0
255,0,0
255,70,0
255,0,0
255,0,0
255,0,0
255,70,0
255,0,0
255,70,0
255,70,0
255,0,130
255,0,77
255,0,77
255,0,130
255,0,77
255,0,77
255,0,77
251,254,247
255,0,77
255,0,130
255,0,240
255,0,130
255,0,130
255,0,130
255,0,240
255,0,130
255,0,130
255,0,240
255,70,0
255,0,0
255,70,0
255,70,0
255,0,0
255,0,0
255,0,0
251,254,247
255,0,0
255,70,0
255,70,0
255,0,0
255,254,0
172,254,0
255,254,0
172,254,0
255,239,0
172,254,0
255,0,77
251,254,247
255,0,77
255,0,77
255,0,0
251,254,247
255,0,0
255,0,0
251,254,247
255,0,240
255,0,130
255,0,130
255,0,240
255,0,130
255,0,130
255,0,130
255,0,77
255,0,130
255,0,77
255,0,77
251,254,247
255,0,77
255,0,130
255,0,77
255,0,130
255,0,130
255,0,77
255,0,0
255,0,0
251,254,247
255,0,0
255,0,0
255,0,0
255,0,0
251,254,247
255,0,0
255,0,0
255,0,0
251,254,247
255,0,0
255,70,0
255,0,0
255,70,0
255,70,0
255,0,0
255,0,77
255,0,0
251,254,247
255,0,77
251,254,247
255,0,0
251,254,247
255,0,0
255,0,0
255,0,77
255,0,77
251,254,247
255,0,77
255,0,130
255,0,77
255,0,130
255,0,77
255,0,77
255,0,0
255,0,77
251,254,247
255,0,0
255,0,77
255,0,77
255,0,77
255,0,130
255,0,77
255,130,0
255,70,0
255,125,0
255,130,0
255,130,0
255,185,0
255,130,0
255,130,0
255,70,0
255,185,0
255,130,0
255,185,0
255,130,0
255,130,0
255,185,0
255,70,0
255,130,0
255,70,0
255,254,0
255,184,0
255,254,0
255,254,0
255,185,0
255,254,0
254,254,252
172,254,0
172,254,0
172,252,0
172,254,0
254,254,252
172,252,0
254,254,252
172,254,0
255,185,0
255,254,0
255,185,0
255,186,0
255,185,0
255,254,0
255,185,0
255,130,0
255,125,0
172,254,0
255,254,0
255,254,0
255,254,0
172,252,0
172,254,0
254,254,252
172,254,0
172,254,0
254,254,252
172,254,0
172,254,0
255,186,0
255,254,0
255,254,0
255,254,0
255,185,0
255,185,0
255,185,0
255,130,0
255,130,0
255,254,0
255,254,0
172,252,0
255,130,0
255,185,0
255,185,0
172,254,0
254,254,252
172,254,0
255,70,0
255,130,0
255,130,0
255,70,0
255,70,0
255,130,0
255,254,0
255,254,0
172,254,0
255,130,0
255,130,0
255,70,0
172,254,0
172,254,0
255,254,0
255,254,0
255,254,0
172,254,0
255,70,0
255,70,0
255,125,0
255,130,0
255,70,0
255,70,0
255,130,0
255,130,0
255,185,0
255,186,0
255,130,0
255,185,0
255,130,0
255,125,0
255,70,0
255,185,0
255,185,0
255,254,0
255,185,0
255,185,0
255,254,0
255,254,0
255,254,0
255,185,0
255,185,0
255,254,0
255,254,0
255,185,0
255,185,0
255,125,0
172,254,0
172,254,0
255,254,0
255,254,0
255,254,0
172,254,0
255,185,0
255,186,0
255,254,0
255,254,0
255,254,0
255,185,0
255,185,0
255,185,0
255,130,0
255,254,0
172,254,0
172,252,0
255,125,0
255,130,0
255,185,0
255,130,0
255,186,0
255,185,0
