v,63
30.61465835571289,-86.74592590332031,73.91036987304688,
56.56852722167969,-86.74592590332031,56.56856155395508,
92.94926452636719,-89.75270080566406,11.37015438079834,
155.99244689941406,-91.89749908447266,-3.5430772982181225e-07,
92.94925689697266,-89.75269317626953,-11.37015438079834,
56.56852340698242,-86.74592590332031,-56.56856155395508,
30.614639282226562,-86.74592590332031,-73.9103775024414,
20.18506622314453,-217.60940551757812,48.73109436035156,
37.297149658203125,-217.60940551757812,37.29716873168945,
80.63645935058594,-203.3625946044922,7.496647834777832,
84.3942642211914,-204.7767333984375,-2.3360456680165953e-07,
80.63645935058594,-203.3625946044922,-7.496647834777832,
37.29714584350586,-217.60939025878906,-37.29716873168945,
20.1850528717041,-217.60939025878906,-48.73109817504883,
20.65995979309082,55.19662857055664,49.877586364746094,
38.17463684082031,55.19662857055664,11.36599063873291,
120.44921875,51.559085845947266,7.673022747039795,
181.63916015625,50.1116943359375,-2.391006148627639e-07,
120.44921875,51.559085845947266,-7.673022747039795,
38.17463684082031,55.19664764404297,-11.36599063873291,
20.65994644165039,55.19664764404297,-49.877593994140625,
20.659961700439453,169.19903564453125,0.0,
46.89570999145508,130.26568603515625,7.550973892211914,
125.12109375,149.36566162109375,1.5177291631698608,
165.93948364257812,111.18373107910156,-4.729425739924409e-08,
106.60491943359375,126.40809631347656,-1.5177291631698608,
46.66057205200195,143.0668182373047,-5.922773361206055,
0.0,-86.74592590332031,-80.0,
1.2079663974873256e-05,-86.74592590332031,80.0,
-30.61465835571289,-86.74592590332031,73.91036987304688,
-56.56852722167969,-86.74592590332031,56.56856155395508,
-92.94926452636719,-89.75270080566406,11.37015438079834,
-129.11534118652344,-74.06514739990234,-1.7715386491090612e-07,
-92.94925689697266,-89.75269317626953,-11.37015438079834,
-56.56852340698242,-86.74592590332031,-56.56856155395508,
-30.614639282226562,-86.74592590332031,-73.9103775024414,
0.0,-217.60939025878906,-52.74614715576172,
7.964446922414936e-06,-217.60940551757812,52.74614715576172,
-20.18506622314453,-217.60940551757812,48.73109436035156,
-37.297149658203125,-217.60940551757812,37.29716873168945,
-80.63645935058594,-203.3625946044922,7.496647834777832,
-84.3942642211914,-204.7767333984375,-2.3360456680165953e-07,
-80.63645935058594,-203.3625946044922,-7.496647834777832,
-37.29714584350586,-217.60939025878906,-37.29716873168945,
-20.1850528717041,-217.60939025878906,-48.73109817504883,
0.0,55.19664764404297,-53.98710632324219,
8.151826477842405e-06,55.19662857055664,53.98710632324219,
-20.65995979309082,55.19662857055664,49.877586364746094,
-38.17463684082031,55.19662857055664,11.36599063873291,
-120.44921875,51.559085845947266,7.673022747039795,
-120.44921875,51.559085845947266,-7.673022747039795,
-38.17463684082031,55.19664764404297,-11.36599063873291,
-20.65994644165039,55.19664764404297,-49.877593994140625,
0.0,-288.9894714355469,0.0,
9.5367431640625e-06,140.62823486328125,0.0,
-20.659961700439453,169.19903564453125,0.0,
-38.17463684082031,169.19903564453125,7.550973892211914,
-79.31193542480469,110.37906646728516,1.1920928955078125e-07,
-38.17463684082031,169.1990509033203,-7.550973892211914,
14.581954956054688,112.19781494140625,7.41033935546875,
-14.581954956054688,112.19781494140625,7.41033935546875,
15.627635955810547,112.19783782958984,-9.975129127502441,
-15.627635955810547,112.19783782958984,-9.975129127502441,
n,63
-0.382641077041626,0.011749626137316227,-0.9237952828407288,
-0.6785790324211121,-0.03814813494682312,-0.7335124015808105,
-0.4695883095264435,-0.00317392498254776,-0.8828699588775635,
-0.9594714045524597,0.28168582916259766,0.0,
-0.4695883095264435,-0.00317392498254776,0.8828699588775635,
-0.6785790324211121,-0.03814813494682312,0.7335124015808105,
-0.382641077041626,0.011749626137316227,0.9237952828407288,
-0.3509018123149872,0.3989379405975342,-0.8471633195877075,
-0.5586718320846558,0.4214606285095215,-0.7142857313156128,
-0.7316202521324158,0.3565477430820465,-0.5810113549232483,
-0.8934598565101624,0.44911038875579834,0.0,
-0.7316202521324158,0.3565477430820465,0.5810113549232483,
-0.5586718320846558,0.4214606285095215,0.7142857313156128,
-0.3509018123149872,0.3989379405975342,0.8471633195877075,
-0.5547959804534912,-0.3584093749523163,-0.7507858276367188,
-0.52171391248703,-0.20892971754074097,-0.82711261510849,
-0.08789330720901489,-0.024262215942144394,-0.9958189725875854,
-0.999542236328125,-0.029663991183042526,0.0,
-0.08413953334093094,-0.03503524884581566,0.9958189725875854,
-0.5315713882446289,-0.2058168351650238,0.8215888142585754,
-0.5531784892082214,-0.35367900133132935,0.7542344331741333,
0.14496292173862457,-0.9893490672111511,-0.010834070853888988,
-0.012024292722344398,-0.2847682237625122,-0.9584948420524597,
-0.49598681926727295,-0.8680684566497803,-0.0198370311409235,
-0.8315683603286743,-0.5552537441253662,0.011535996571183205,
-0.06833094358444214,-0.07464827597141266,0.9948423504829407,
-0.2864467203617096,-0.7532578706741333,0.5920590758323669,
0.0,0.011749626137316227,0.999908447265625,
0.0,0.011749626137316227,-0.999908447265625,
0.382641077041626,0.011749626137316227,-0.9237952828407288,
0.6785790324211121,-0.03814813494682312,-0.7335124015808105,
0.538377046585083,0.01065095979720354,-0.8426160216331482,
0.9850153923034668,0.17230750620365143,0.0,
0.538377046585083,0.01065095979720354,0.8426160216331482,
0.6785790324211121,-0.03814813494682312,0.7335124015808105,
0.382641077041626,0.011749626137316227,0.9237952828407288,
0.0,0.3989379405975342,0.9169591069221497,
0.0,0.3989379405975342,-0.9169591069221497,
0.3509018123149872,0.3989379405975342,-0.8471633195877075,
0.5586718320846558,0.4214606285095215,-0.7142857313156128,
0.7316202521324158,0.3565477430820465,-0.5810113549232483,
0.8978240489959717,0.44029054045677185,0.0,
0.7316202521324158,0.3565477430820465,0.5810113549232483,
0.5586718320846558,0.4214606285095215,0.7142857313156128,
0.3509018123149872,0.3989379405975342,0.8471633195877075,
0.0,-0.3560899794101715,0.9344462156295776,
0.0,-0.3560899794101715,-0.9344462156295776,
0.5547959804534912,-0.3584093749523163,-0.7507858276367188,
0.5337381958961487,-0.2227240800857544,-0.8157597780227661,
0.7172765135765076,-0.27411726117134094,-0.6405529975891113,
0.7172765135765076,-0.27411726117134094,0.6405529975891113,
0.5402386784553528,-0.2143925279378891,0.8137150406837463,
0.5531784892082214,-0.35367900133132935,0.7542344331741333,
0.0,1.0,0.0,
0.0,-0.9989013075828552,-0.04681539535522461,
-0.7372966408729553,-0.6755272150039673,-0.0021973326802253723,
0.2376171201467514,-0.6885891556739807,-0.6850795149803162,
0.8625141382217407,-0.5059663653373718,0.0,
0.2376171201467514,-0.6885891556739807,0.6850795149803162,
-0.42612993717193604,-0.32972198724746704,-0.8424023985862732,
0.42612993717193604,-0.32972198724746704,-0.8424023985862732,
-0.41801202297210693,-0.34327220916748047,0.8410596251487732,
0.41801202297210693,-0.34327220916748047,0.8410596251487732,
d,122,1.0,0.0,0.0
5,6,13
3,4,10
1,2,9
28,0,7
6,27,36
4,5,11
2,3,10
0,1,8
20,5,19
4,3,18
2,1,15
0,28,46
27,6,20
5,4,19
3,2,16
1,0,14
13,36,53
11,12,53
9,10,53
7,8,53
12,13,53
10,11,53
8,9,53
37,7,53
19,18,25
18,17,24
17,16,24
16,15,23
15,14,59
14,46,54
45,20,54
34,43,44
32,41,33
30,39,40
28,37,29
35,44,36
33,42,34
31,40,41
29,38,39
35,52,34
33,50,32
31,49,48
29,47,46
27,45,52
34,51,33
57,49,50
30,48,47
44,53,36
42,53,43
40,53,41
38,53,39
43,53,44
41,53,42
39,53,40
37,53,38
49,57,48
48,56,55
47,60,54
45,54,52
12,5,13
4,11,10
8,1,9
37,28,7
13,6,36
5,12,11
9,2,10
7,0,8
6,5,20
3,17,18
16,2,15
14,0,46
45,27,20
4,18,19
17,3,16
15,1,14
26,19,25
25,18,24
16,23,24
15,22,23
22,15,21
21,59,54
35,34,44
41,42,33
31,30,40
27,35,36
42,43,34
32,31,41
30,29,39
51,34,52
50,49,32
30,31,48
28,29,46
35,27,52
51,50,33
31,32,49
29,30,47
57,56,48
47,48,60
46,47,54
50,51,57
51,58,57
37,38,29
20,19,61
23,22,26
25,23,26
21,26,22
52,62,51
56,57,58
19,26,21
24,23,25
20,61,54
55,58,51
55,56,58
52,54,62
21,15,59
59,14,54
48,55,60
60,55,54
19,21,61
62,55,51
61,21,54
54,55,62
c,366
0,245,255
212,255,0
0,255,18
255,255,255
255,0,0
255,255,255
255,0,219
255,0,0
255,0,219
115,0,255
175,0,255
115,0,255
212,255,0
212,255,0
212,255,0
255,0,0
0,245,255
0,222,255
255,0,0
255,255,255
255,255,255
175,0,255
255,0,219
175,0,255
0,250,255
0,245,255
255,0,1
255,0,0
255,255,255
255,219,0
255,0,0
255,0,219
255,0,0
175,0,255
115,0,255
175,0,255
212,255,0
212,255,0
0,250,255
0,245,255
255,0,0
255,0,1
255,255,255
255,0,0
255,0,0
255,0,219
175,0,255
255,0,219
0,255,18
212,255,0
255,255,255
0,222,255
0,255,148
255,255,255
255,0,219
255,255,255
255,255,255
115,0,255
175,0,255
255,255,255
0,255,148
0,255,18
255,255,255
255,255,255
0,222,255
255,255,255
175,0,255
255,0,219
255,255,255
4,0,255
115,0,255
255,255,255
255,0,1
255,219,0
255,252,0
255,219,0
255,0,0
255,0,0
255,0,0
255,0,0
255,0,0
255,0,0
255,0,0
255,219,0
255,0,0
255,0,219
255,0,0
255,0,219
175,0,255
255,255,255
212,255,0
0,250,255
255,255,255
0,255,248
0,255,148
0,255,18
255,222,222
255,255,255
255,0,0
255,0,219
175,0,255
255,0,219
115,0,255
4,0,255
175,0,255
212,255,0
0,255,18
212,255,0
255,0,0
0,222,255
0,255,248
255,0,0
255,0,219
255,255,255
175,0,255
115,0,255
175,0,255
212,255,0
0,255,248
0,255,248
255,0,0
255,219,0
255,222,222
255,0,0
255,0,0
255,0,0
175,0,255
255,0,219
175,0,255
212,255,0
212,255,0
0,255,248
0,255,248
255,0,1
255,0,0
255,0,0
255,219,0
255,255,255
255,0,219
255,0,0
255,0,219
0,255,18
255,255,255
212,255,0
0,222,255
255,255,255
0,255,148
255,0,219
255,255,255
255,255,255
115,0,255
255,255,255
175,0,255
0,255,148
255,255,255
0,255,18
255,255,255
255,255,255
0,222,255
175,0,255
255,255,255
255,0,219
4,0,255
255,255,255
115,0,255
255,0,0
255,219,0
255,0,0
255,0,0
255,0,0
255,0,0
255,0,219
255,0,0
255,255,255
212,255,0
255,255,255
0,255,248
0,255,148
0,245,255
0,255,18
255,0,0
0,222,255
255,255,255
175,0,255
255,0,219
255,0,219
4,0,255
115,0,255
115,0,255
0,255,18
212,255,0
212,255,0
0,245,255
0,255,148
0,222,255
255,0,219
255,0,0
255,255,255
115,0,255
175,0,255
175,0,255
212,255,0
0,245,255
0,250,255
255,255,255
255,0,0
255,219,0
255,0,0
255,0,0
255,0,0
255,0,219
175,0,255
175,0,255
212,255,0
212,255,0
0,250,255
255,0,0
255,219,0
255,0,1
255,0,0
255,255,255
255,0,0
255,0,0
255,0,219
255,0,219
255,0,0
255,0,1
255,252,0
255,252,0
255,219,0
255,0,0
255,0,0
255,219,0
255,0,0
255,0,0
255,0,0
255,219,0
255,0,0
255,0,0
255,0,0
255,0,0
255,0,0
255,255,255
212,255,0
0,255,248
0,255,18
255,255,255
0,222,255
255,0,0
255,0,0
255,0,219
255,0,219
212,255,0
212,255,0
212,255,0
0,222,255
0,255,148
0,255,248
255,255,255
255,0,0
255,255,255
255,0,219
175,0,255
175,0,255
255,0,1
0,255,248
0,255,248
255,219,0
255,255,255
255,255,255
255,0,219
255,0,0
255,0,0
115,0,255
175,0,255
175,0,255
212,255,0
212,255,0
0,255,248
255,0,1
255,219,0
255,0,0
255,0,0
255,255,255
255,0,0
175,0,255
255,0,219
255,0,219
255,219,0
255,0,0
255,0,0
255,0,219
255,0,0
255,0,0
175,0,255
255,0,219
255,255,255
255,219,0
255,0,1
255,252,0
255,0,1
255,0,0
255,252,0
4,0,255
115,0,255
175,0,255
0,250,255
255,0,1
255,0,0
255,255,255
255,0,0
255,255,255
255,219,0
255,255,255
255,252,0
255,0,0
255,255,255
255,0,0
0,255,248
255,0,0
255,0,1
255,0,0
255,219,0
255,255,255
255,0,1
255,0,0
255,0,0
255,0,0
255,219,0
255,255,255
0,250,255
255,0,0
255,255,255
255,0,0
255,0,0
255,0,1
255,0,0
255,0,0
255,255,255
0,255,248
255,255,255
255,0,0
255,0,0
255,0,0
255,0,0
255,0,0
255,0,219
255,255,255
255,0,0
255,0,0
255,0,0
255,0,0
255,0,0
255,255,255
255,0,1
255,0,0
255,0,0
255,0,0
255,0,0
255,0,1
255,0,0
255,0,0
255,0,0
255,0,0
255,0,0
255,0,0
