v,32
1.8288973569869995,19.254539489746094,14.120635986328125
-11.175244331359863,13.868047714233398,14.120635986328125
-16.561735153198242,0.86390620470047,14.120635986328125
-11.175246238708496,-12.140235900878906,14.120635986328125
1.828898310661316,-17.52672576904297,14.120635986328125
14.833043098449707,-12.140233993530273,14.120635986328125
20.219526290893555,0.8639065623283386,14.120635986328125
14.833041191101074,13.868043899536133,14.120635986328125
1.828896403312683,9.723947525024414,22.068817138671875
-4.436098575592041,7.128901481628418,22.068817138671875
-7.031144142150879,0.8639066219329834,22.068817138671875
-4.436099529266357,-5.401088714599609,22.068817138671875
1.8288968801498413,-7.996133804321289,22.068817138671875
8.093893051147461,-5.401087760925293,22.068817138671875
10.688935279846191,0.8639068007469177,22.068817138671875
8.093892097473145,7.128899574279785,22.068817138671875
1.828896403312683,9.723947525024414,34.707763671875
-4.436098575592041,7.128901481628418,34.707763671875
-7.031144142150879,0.8639066219329834,34.707763671875
-4.436099529266357,-5.401088714599609,34.707763671875
1.8288968801498413,-7.996133804321289,34.707763671875
8.093893051147461,-5.401087760925293,34.707763671875
10.688935279846191,0.8639068007469177,34.707763671875
8.093892097473145,7.128899574279785,34.707763671875
1.8288954496383667,0.863906979560852,41.287841796875
8.922353744506836,-1.400923490524292,26.1037654876709
9.860475540161133,0.8639063239097595,26.1037654876709
8.922353744506836,3.1287357807159424,26.1037654876709
8.922353744506836,-1.400923490524292,30.672815322875977
9.860475540161133,0.8639063239097595,30.672815322875977
8.922353744506836,3.1287357807159424,30.672815322875977
31.30721664428711,0.86390620470047,28.388290405273438
n,32
0.0,0.6404614448547363,0.7679677605628967
-0.4528641700744629,0.4528641700744629,0.7679677605628967
-0.6404614448547363,0.0,0.7679677605628967
-0.4528641700744629,-0.4528641700744629,0.7679677605628967
0.0,-0.6404614448547363,0.7679677605628967
0.4528641700744629,-0.4528641700744629,0.7679677605628967
0.6404614448547363,0.0,0.7679677605628967
0.4528641700744629,0.4528641700744629,0.7679677605628967
0.0,0.8828394412994385,0.4696188271045685
-0.6242561340332031,0.6242561340332031,0.4696188271045685
-0.8828394412994385,0.0,0.4696188271045685
-0.6242561340332031,-0.6242561340332031,0.4696188271045685
0.0,-0.8828394412994385,0.4696188271045685
0.6306650042533875,-0.598895251750946,0.4934842884540558
0.8334910273551941,0.0,0.5525071024894714
0.6306650042533875,0.598895251750946,0.4934842884540558
0.0,0.9118930697441101,0.41035187244415283
-0.6447950601577759,0.6447950601577759,0.41035187244415283
-0.9118930697441101,0.0,0.41035187244415283
-0.6447950601577759,-0.6447950601577759,0.41035187244415283
0.0,-0.9118930697441101,0.41035187244415283
0.6712851524353027,-0.6309091448783875,0.3888973593711853
0.9475997090339661,0.0,0.3193762004375458
0.6712851524353027,0.6309091448783875,0.3888973593711853
0.0,0.0,1.0
0.8475905656814575,-0.5180516839027405,-0.11487166583538055
0.7200842499732971,0.0,-0.6938382983207703
0.8475600481033325,0.5180516839027405,-0.11487166583538055
0.8475905656814575,-0.5180516839027405,0.11487166583538055
0.7200842499732971,0.0,0.6938382983207703
0.8475600481033325,0.5180516839027405,0.11487166583538055
1.0,0.0,0.0
m,1
d,54,1.0,1.0,1.0
0,1,9
3,4,12
6,7,15
2,3,11
5,6,14
1,2,9
4,5,13
7,0,8
10,11,19
23,22,30
9,10,18
12,13,21
15,8,16
8,9,17
11,12,20
13,14,25
22,21,28
15,23,30
21,13,25
14,15,27
19,20,24
22,23,24
18,19,24
21,22,24
17,18,24
20,21,24
23,16,24
16,17,24
25,26,31
29,28,31
27,30,31
26,27,31
28,25,31
30,29,31
8,0,9
11,3,12
14,6,15
10,2,11
13,5,14
12,4,13
15,7,8
18,10,19
22,29,30
17,9,18
20,12,21
23,15,16
16,8,17
19,11,20
14,26,25
29,22,28
27,15,30
28,21,25
26,14,27
2,10,9
u,162
0.6838774085044861,0.9980756044387817
0.605839729309082,0.9657513499259949
0.6462812423706055,0.9253098368644714
0.605839729309082,0.8096759915351868
0.6838774085044861,0.7773517370223999
0.6838774085044861,0.8345447182655334
0.794239342212677,0.8877136707305908
0.7619150280952454,0.9657512903213501
0.7214736342430115,0.9253098368644714
0.5735154747962952,0.8877136707305908
0.605839729309082,0.8096759915351868
0.6462812423706055,0.850117564201355
0.7619150876998901,0.8096759915351868
0.794239342212677,0.8877136707305908
0.7370463609695435,0.8877136707305908
0.605839729309082,0.9657513499259949
0.5735154747962952,0.8877136707305908
0.6462812423706055,0.9253098368644714
0.6838774085044861,0.7773517370223999
0.7619150876998901,0.8096759915351868
0.7214736342430115,0.850117564201355
0.7619150280952454,0.9657512903213501
0.6838774085044861,0.9980756044387817
0.6838774085044861,0.940882682800293
0.8712800145149231,0.9178557395935059
0.8924416899681091,0.9178557395935059
0.8924416899681091,0.9983944892883301
0.9770883917808533,0.9983944892883301
0.9559265971183777,0.9983944892883301
0.9642537236213684,0.972682774066925
0.8501184582710266,0.9178557395935059
0.8712800145149231,0.9178557395935059
0.8712800145149231,0.9983944892883301
0.9136032462120056,0.9178557395935059
0.9347650408744812,0.9178557395935059
0.9347650408744812,0.9983944892883301
0.9770883917808533,0.9178557395935059
0.998249888420105,0.9178557395935059
0.998249888420105,0.9983944892883301
0.828956663608551,0.9178557395935059
0.8501184582710266,0.9178557395935059
0.8501184582710266,0.9983944892883301
0.8924416899681091,0.9178557395935059
0.9136032462120056,0.9178557395935059
0.9136032462120056,0.9983944892883301
0.9347650408744812,0.9178557395935059
0.9559265971183777,0.9178557395935059
0.947599470615387,0.9435675740242004
0.9559265971183777,0.9983944892883301
0.9347650408744812,0.9983944892883301
0.947599470615387,0.972682774066925
0.9770883917808533,0.9178557395935059
0.9770883917808533,0.9983944892883301
0.9642537236213684,0.972682774066925
0.9347650408744812,0.9983944892883301
0.9347650408744812,0.9178557395935059
0.947599470615387,0.9435675740242004
0.9559265971183777,0.9178557395935059
0.9770883917808533,0.9178557395935059
0.9642537236213684,0.9435675740242004
0.6462812423706055,0.850117564201355
0.6838774085044861,0.8345447182655334
0.6838774085044861,0.8877136707305908
0.7370463609695435,0.8877136707305908
0.7214736342430115,0.9253098368644714
0.6838774085044861,0.8877136707305908
0.6307084560394287,0.8877136707305908
0.6462812423706055,0.850117564201355
0.6838774085044861,0.8877136707305908
0.7214736342430115,0.850117564201355
0.7370463609695435,0.8877136707305908
0.6838774085044861,0.8877136707305908
0.6462812423706055,0.9253098368644714
0.6307084560394287,0.8877136707305908
0.6838774085044861,0.8877136707305908
0.6838774085044861,0.8345447182655334
0.7214736342430115,0.850117564201355
0.6838774085044861,0.8877136707305908
0.7214736342430115,0.9253098368644714
0.6838774085044861,0.940882682800293
0.6838774085044861,0.8877136707305908
0.6838774085044861,0.940882682800293
0.6462812423706055,0.9253098368644714
0.6838774085044861,0.8877136707305908
0.9939805269241333,0.8767265677452087
0.999610185623169,0.8903177976608276
0.9274258017539978,0.8903177976608276
0.7987242341041565,0.8903177976608276
0.7930945754051208,0.8767265677452087
0.9274258017539978,0.8903177976608276
0.7930945754051208,0.9267232418060303
0.7930945754051208,0.9039090871810913
0.9274258017539978,0.8903177976608276
0.999610185623169,0.8903177976608276
0.9939805269241333,0.9039090871810913
0.9274258017539978,0.8903177976608276
0.7930945754051208,0.8767265677452087
0.7930945754051208,0.8539124727249146
0.9274258017539978,0.8903177976608276
0.7930945754051208,0.9039090871810913
0.7987242341041565,0.8903177976608276
0.9274258017539978,0.8903177976608276
0.6838774085044861,0.940882682800293
0.6838774085044861,0.9980756044387817
0.6462812423706055,0.9253098368644714
0.6462812423706055,0.850117564201355
0.605839729309082,0.8096759915351868
0.6838774085044861,0.8345447182655334
0.7370463609695435,0.8877136707305908
0.794239342212677,0.8877136707305908
0.7214736342430115,0.9253098368644714
0.6307084560394287,0.8877136707305908
0.5735154747962952,0.8877136707305908
0.6462812423706055,0.850117564201355
0.7214736342430115,0.850117564201355
0.7619150876998901,0.8096759915351868
0.7370463609695435,0.8877136707305908
0.6838774085044861,0.8345447182655334
0.6838774085044861,0.7773517370223999
0.7214736342430115,0.850117564201355
0.7214736342430115,0.9253098368644714
0.7619150280952454,0.9657512903213501
0.6838774085044861,0.940882682800293
0.8712800145149231,0.9983944892883301
0.8712800145149231,0.9178557395935059
0.8924416899681091,0.9983944892883301
0.9559265971183777,0.9983944892883301
0.9559265971183777,0.972682774066925
0.9642537236213684,0.972682774066925
0.8501184582710266,0.9983944892883301
0.8501184582710266,0.9178557395935059
0.8712800145149231,0.9983944892883301
0.9136032462120056,0.9983944892883301
0.9136032462120056,0.9178557395935059
0.9347650408744812,0.9983944892883301
0.9770883917808533,0.9983944892883301
0.9770883917808533,0.9178557395935059
0.998249888420105,0.9983944892883301
0.828956663608551,0.9983944892883301
0.828956663608551,0.9178557395935059
0.8501184582710266,0.9983944892883301
0.8924416899681091,0.9983944892883301
0.8924416899681091,0.9178557395935059
0.9136032462120056,0.9983944892883301
0.9559265971183777,0.9178557395935059
0.9559265971183777,0.9435675740242004
0.947599470615387,0.9435675740242004
0.9559265971183777,0.972682774066925
0.9559265971183777,0.9983944892883301
0.947599470615387,0.972682774066925
0.9642537236213684,0.9435675740242004
0.9770883917808533,0.9178557395935059
0.9642537236213684,0.972682774066925
0.947599470615387,0.972682774066925
0.9347650408744812,0.9983944892883301
0.947599470615387,0.9435675740242004
0.9559265971183777,0.9435675740242004
0.9559265971183777,0.9178557395935059
0.9642537236213684,0.9435675740242004
0.5735154747962952,0.8877136707305908
0.6307084560394287,0.8877136707305908
0.6462812423706055,0.9253098368644714
