2
v,88
72.1526107788086,-25.27251434326172
74.58746337890625,-26.603899002075195
76.88349914550781,-27.873170852661133
78.82733917236328,-29.025114059448242
80.20558166503906,-30.004507064819336
80.80487060546875,-30.756134033203125
80.41180419921875,-31.224777221679688
78.81301879882812,-31.35521697998047
75.79512023925781,-31.09223747253418
66.89381408691406,-29.17263412475586
56.109188079833984,-25.91221046447754
44.186988830566406,-22.14695930480957
31.87297248840332,-18.712871551513672
19.912899017333984,-16.44593620300293
9.052519798278809,-16.182147979736328
0.03758911043405533,-18.75749969482422
-6.386138439178467,-25.00798225402832
-9.17939567565918,-32.02550506591797
-10.2131986618042,-39.97199630737305
-9.67514419555664,-48.40364456176758
-7.752825736999512,-56.87663269042969
-4.633838176727295,-64.94715881347656
-0.5057770609855652,-72.17140197753906
4.44376277923584,-78.10555267333984
10.027185440063477,-82.30580139160156
15.725456237792969,-84.33052825927734
21.176055908203125,-84.4041519165039
26.367887496948242,-83.05016326904297
31.289867401123047,-80.79205322265625
35.93090057373047,-78.1533203125
40.2798957824707,-75.6574478149414
44.32575988769531,-73.82792663574219
48.05739974975586,-73.18824768066406
56.79551696777344,-73.80516052246094
63.649044036865234,-74.94014739990234
68.49026489257812,-76.57008361816406
71.19144439697266,-78.67186737060547
71.62486267089844,-81.22237396240234
69.66278076171875,-84.19850158691406
65.1774673461914,-87.57714080810547
58.04120635986328,-91.33517456054688
47.69200134277344,-95.84222412109375
38.858154296875,-99.12586975097656
31.404151916503906,-101.3299789428711
25.19448471069336,-102.59844207763672
20.093639373779297,-103.07514190673828
15.966102600097656,-102.90394592285156
12.676365852355957,-102.22874450683594
10.088920593261719,-101.19342803955078
7.922609329223633,-99.7484359741211
5.908259391784668,-97.80401611328125
3.9283101558685303,-95.44377136230469
1.8652020692825317,-92.75128173828125
-0.39862537384033203,-89.81013488769531
-2.9807324409484863,-86.70391082763672
-5.998679161071777,-83.5162124633789
-9.570024490356445,-80.33061218261719
-12.515640258789062,-78.29586791992188
-15.499775886535645,-76.89920806884766
-18.517683029174805,-76.07667541503906
-21.564607620239258,-75.76432800292969
-24.635801315307617,-75.8982162475586
-27.72650909423828,-76.41438293457031
-30.831981658935547,-77.24889373779297
-33.94746780395508,-78.3377914428711
-36.97713088989258,-79.82976531982422
-40.425621032714844,-81.97875213623047
-44.00539016723633,-84.42528533935547
-47.428890228271484,-86.80990600585938
-50.40857696533203,-88.77313995361328
-52.65689468383789,-89.95552825927734
-53.88631057739258,-89.99761962890625
-53.809261322021484,-88.5399398803711
-52.90829086303711,-79.38591003417969
-55.997901916503906,-70.968994140625
-61.62840270996094,-63.294456481933594
-68.35009002685547,-56.36756896972656
-74.71327209472656,-50.19359588623047
-79.26825714111328,-44.777801513671875
-80.5653305053711,-40.125450134277344
-77.1548080444336,-36.2418098449707
-59.12183380126953,-27.032621383666992
-40.69049835205078,-19.51466941833496
-21.96991539001465,-13.962051391601562
-3.069207191467285,-10.648870468139648
15.902515411376953,-9.849226951599121
34.83613586425781,-11.837220191955566
53.62254333496094,-16.88694953918457
v,104
-87.01515197753906,-22.477279663085938
-89.9832763671875,-24.810575485229492
-92.48993682861328,-27.430164337158203
-94.48625946044922,-30.297155380249023
-95.92339324951172,-33.372650146484375
-96.75247192382812,-36.61776351928711
-96.92462921142578,-39.993595123291016
-96.3910140991211,-43.46125030517578
-95.10275268554688,-46.98184585571289
-92.39326477050781,-51.865257263183594
-89.3946533203125,-56.237823486328125
-86.34497833251953,-60.35173797607422
-83.48230743408203,-64.45919036865234
-81.04470825195312,-68.81237030029297
-79.2702407836914,-73.66346740722656
-78.39697265625,-79.2646713256836
-78.6629638671875,-85.86817932128906
-78.67041015625,-85.92423248291016
-78.67820739746094,-85.98030853271484
-78.6858901977539,-86.03643035888672
-78.6930160522461,-86.09259033203125
-78.69915008544922,-86.1488037109375
-78.70382690429688,-86.20508575439453
-78.70661163330078,-86.26144409179688
-78.70706176757812,-86.31787872314453
-77.84815216064453,-94.53385925292969
-75.68093872070312,-100.8934097290039
-72.3929443359375,-105.45602416992188
-68.17167663574219,-108.28121948242188
-63.204647064208984,-109.42849731445312
-57.679351806640625,-108.95736694335938
-51.7833137512207,-106.92733001708984
-45.70402908325195,-103.39788818359375
-37.04970932006836,-98.43434143066406
-29.939838409423828,-96.49188232421875
-23.980022430419922,-96.99877166748047
-18.775876998901367,-99.38329315185547
-13.933015823364258,-103.0737075805664
-9.057050704956055,-107.498291015625
-3.7535946369171143,-112.08529663085938
2.3717432022094727,-116.26300048828125
7.405425071716309,-118.51445007324219
13.07951545715332,-119.86306762695312
19.475435256958008,-120.26811218261719
26.674606323242188,-119.68882751464844
34.75844955444336,-118.08446502685547
43.808380126953125,-115.41426849365234
53.90582275390625,-111.63748931884766
65.13219451904297,-106.71337127685547
69.42725372314453,-104.67227172851562
74.00175476074219,-102.33672332763672
78.58700561523438,-99.70008087158203
82.914306640625,-96.75569915771484
86.7149658203125,-93.49694061279297
89.72029113769531,-89.91715240478516
91.66159057617188,-86.00969696044922
92.27017211914062,-81.76791381835938
89.50344848632812,-72.01470947265625
82.73108673095703,-64.83961486816406
73.13168334960938,-60.04582214355469
61.88383102416992,-57.43653869628906
50.1661262512207,-56.81494903564453
39.157161712646484,-57.9842643737793
30.035533905029297,-60.7476692199707
23.979827880859375,-64.90835571289062
20.62175750732422,-67.23338317871094
17.571861267089844,-66.61014556884766
14.870553970336914,-63.8244514465332
12.558255195617676,-59.66211700439453
10.675381660461426,-54.90895462036133
9.262351036071777,-50.35076904296875
8.359580993652344,-46.77337646484375
8.007489204406738,-44.962581634521484
9.628124237060547,-37.72355651855469
15.482673645019531,-34.34021759033203
24.36480140686035,-33.96563720703125
35.068172454833984,-35.75287628173828
46.38645553588867,-38.85500717163086
57.11330795288086,-42.42510223388672
66.04240417480469,-45.61623001098633
71.96739959716797,-47.581451416015625
76.82205963134766,-48.55198287963867
82.1026840209961,-48.99604034423828
87.4651870727539,-48.82626724243164
92.56546020507812,-47.95531463623047
97.05941009521484,-46.29583740234375
100.6029281616211,-43.76048278808594
102.85192108154297,-40.26190185546875
103.46228790283203,-35.712745666503906
102.62002563476562,-31.29207420349121
100.80623626708984,-27.231670379638672
98.21516418457031,-23.532432556152344
95.04104614257812,-20.19525909423828
91.4781265258789,-17.221044540405273
87.72064208984375,-14.610686302185059
83.96283721923828,-12.365080833435059
80.39895629882812,-10.485122680664062
59.87091064453125,-2.239274740219116
38.142799377441406,2.9060709476470947
15.757699966430664,5.109041690826416
-6.741318702697754,4.527763366699219
-28.811185836791992,1.3203645944595337
-49.90883255004883,-4.35502815246582
-69.49118041992188,-12.340287208557129
