2
v,132
-7631.171875,1187.633544921875
-7647.2529296875,623.5159912109375
-7410.45703125,125.39652252197266
-6973.7958984375,-319.56573486328125
-6390.28515625,-724.2127075195312
-5712.935546875,-1101.3846435546875
-4994.7626953125,-1463.9229736328125
-4288.779296875,-1824.6689453125
-3647.998779296875,-2196.463623046875
-3125.43505859375,-2592.148193359375
-2774.100830078125,-3024.5634765625
-2647.010986328125,-3506.551513671875
-2755.468017578125,-4005.89501953125
-3053.91650390625,-4318.21533203125
-3511.517333984375,-4470.21240234375
-4097.4287109375,-4488.5859375
-4780.81201171875,-4400.03515625
-5530.826171875,-4231.26025390625
-6316.63134765625,-4008.9609375
-7107.3876953125,-3759.835693359375
-7872.25390625,-3510.584716796875
-8580.3916015625,-3287.9072265625
-9200.9580078125,-3118.50146484375
-9723.236328125,-3064.33154296875
-10161.6826171875,-3155.352783203125
-10523.23828125,-3370.253173828125
-10814.8359375,-3687.7216796875
-11043.4111328125,-4086.4482421875
-11215.8994140625,-4545.12109375
-11339.2353515625,-5042.4296875
-11420.35546875,-5557.06298828125
-11466.1953125,-6067.70849609375
-11483.6884765625,-6553.05810546875
-11479.7734375,-6991.79638671875
-11428.6337890625,-7561.37060546875
-11312.0400390625,-8136.27734375
-11134.2236328125,-8707.9853515625
-10899.4140625,-9267.96875
-10611.8427734375,-9807.6953125
-10275.736328125,-10318.6396484375
-9895.3271484375,-10792.2705078125
-9474.845703125,-11220.0595703125
-9018.521484375,-11593.4775390625
-8530.5849609375,-11903.9970703125
-8015.2646484375,-12143.0859375
-7098.60888671875,-12352.8994140625
-6152.41455078125,-12330.5927734375
-5185.55419921875,-12123.5546875
-4206.900390625,-11779.173828125
-3225.324951171875,-11344.8349609375
-2249.70068359375,-10867.92578125
-1288.899658203125,-10395.8369140625
-351.7939758300781,-9975.9541015625
552.7437744140625,-9655.6640625
1415.84130859375,-9482.35546875
2228.62646484375,-9503.4140625
2993.2490234375,-9531.3955078125
3746.65185546875,-9372.1162109375
4482.7548828125,-9054.42578125
5195.48193359375,-8607.1787109375
5878.7529296875,-8059.22265625
6526.4912109375,-7439.40869140625
7132.6162109375,-6776.58740234375
7691.05126953125,-6099.6103515625
8195.7158203125,-5437.3271484375
8640.533203125,-4818.59033203125
9019.4208984375,-4272.248046875
9331.9794921875,-3784.4931640625
9589.7236328125,-3325.9140625
9804.46875,-2901.959228515625
9988.029296875,-2518.079345703125
10152.21875,-2179.7216796875
10308.8466796875,-1892.3360595703125
10469.7314453125,-1661.371337890625
10646.681640625,-1492.27685546875
10851.513671875,-1390.5013427734375
11096.041015625,-1361.493408203125
11392.078125,-1410.7020263671875
11751.537109375,-1564.910400390625
12017.7041015625,-1790.9195556640625
12201.7685546875,-2074.021240234375
12314.9140625,-2399.50830078125
12368.3212890625,-2752.6728515625
12373.1748046875,-3118.8076171875
12340.662109375,-3483.2041015625
12281.96484375,-3831.15478515625
12208.267578125,-4147.9521484375
12130.751953125,-4418.888671875
12060.607421875,-4629.255859375
11796.4931640625,-5982.11083984375
11734.275390625,-7134.15576171875
11840.9228515625,-8062.06591796875
12083.40234375,-8742.513671875
12428.6787109375,-9152.171875
12843.720703125,-9267.7177734375
13295.494140625,-9065.8232421875
13750.9658203125,-8523.1611328125
14177.1025390625,-7616.40771484375
14540.87109375,-6322.2353515625
14809.23828125,-4617.314453125
14856.556640625,-3839.431396484375
14850.9990234375,-3096.370361328125
14792.7470703125,-2383.914794921875
14681.982421875,-1697.849853515625
14518.890625,-1033.958984375
14303.6513671875,-388.0271911621094
14036.451171875,244.161865234375
13717.466796875,866.8231811523438
13346.8857421875,1484.1732177734375
12924.888671875,2100.42724609375
12451.6591796875,2719.80029296875
12056.0244140625,3135.80224609375
11602.44921875,3480.525390625
11099.4072265625,3760.9384765625
10555.3779296875,3984.009521484375
9978.83203125,4156.70703125
9378.2470703125,4286.0
8762.0966796875,4378.8564453125
8138.857421875,4442.2451171875
7517.0048828125,4483.13525390625
6905.01318359375,4508.49560546875
6311.3603515625,4525.29296875
4937.564453125,4579.0908203125
3451.635009765625,4653.5390625
1898.0352783203125,4717.939453125
321.22943115234375,4741.59423828125
-1234.3179931640625,4693.8046875
-2724.142822265625,4543.8720703125
-4103.7802734375,4261.099609375
-5328.76611328125,3814.787109375
-6354.6357421875,3174.237548828125
-7136.923828125,2308.752197265625
v,132
0.5356376767158508,2673.0576171875
314.7203369140625,2658.40380859375
650.1281127929688,2614.587890625
1003.5750122070312,2547.805908203125
1371.8804931640625,2464.254638671875
1751.8619384765625,2370.130859375
2140.33740234375,2271.631103515625
2534.124267578125,2174.95166015625
2930.040771484375,2086.290283203125
3324.904296875,2011.8424072265625
3715.532958984375,1957.80517578125
4098.74560546875,1930.37548828125
4664.15283203125,1941.9354248046875
5229.609375,2003.843017578125
5794.859375,2102.892822265625
6359.646484375,2225.879150390625
6923.712890625,2359.59521484375
7486.8056640625,2490.836181640625
8048.666015625,2606.3955078125
8609.0390625,2693.067626953125
9167.669921875,2737.646240234375
9724.296875,2726.925537109375
10278.6669921875,2647.7001953125
10758.0224609375,2493.470703125
11112.0888671875,2272.705078125
11353.025390625,1999.1917724609375
11492.98828125,1686.7198486328125
11544.134765625,1349.07763671875
11518.623046875,1000.0540161132812
11428.6123046875,653.4371948242188
11286.2578125,323.01629638671875
11103.71875,22.579805374145508
10893.150390625,-234.08384704589844
10666.7138671875,-433.18572998046875
10394.0888671875,-631.95703125
10154.1396484375,-809.0523071289062
9932.74609375,-969.5641479492188
9715.78515625,-1118.58544921875
9489.1357421875,-1261.2086181640625
9238.67578125,-1402.5260009765625
8950.2861328125,-1547.630126953125
8609.8427734375,-1701.6143798828125
8203.2275390625,-1869.5703125
7716.3154296875,-2056.591552734375
7134.990234375,-2267.771484375
6491.64404296875,-2516.792236328125
5830.337890625,-2813.7255859375
5154.43896484375,-3158.24072265625
4467.31982421875,-3550.007568359375
3772.350341796875,-3988.69677734375
3072.90185546875,-4473.9765625
2372.344482421875,-5005.51806640625
1674.0498046875,-5582.990234375
981.3867797851562,-6206.06201171875
297.727783203125,-6874.40380859375
-373.56011962890625,-7587.6865234375
-895.771484375,-8099.05859375
-1476.4219970703125,-8619.0595703125
-2104.672607421875,-9131.5244140625
-2769.68359375,-9620.2822265625
-3460.61572265625,-10069.1689453125
-4166.62841796875,-10462.0126953125
-4876.8828125,-10782.6513671875
-5580.53857421875,-11014.9111328125
-6266.75634765625,-11142.6298828125
-6924.6982421875,-11149.6376953125
-7543.5224609375,-11019.767578125
-7964.02880859375,-10824.09375
-8357.283203125,-10566.626953125
-8720.974609375,-10255.0390625
-9052.794921875,-9897.0009765625
-9350.4296875,-9500.181640625
-9611.5712890625,-9072.251953125
-9833.908203125,-8620.8828125
-10015.1318359375,-8153.74462890625
-10152.9296875,-7678.50830078125
-10244.9912109375,-7202.84375
-10289.0068359375,-6734.42236328125
-10286.791015625,-6522.392578125
-10263.306640625,-6305.23388671875
-10219.294921875,-6086.5087890625
-10155.4912109375,-5869.775390625
-10072.6298828125,-5658.59619140625
-9971.44921875,-5456.5302734375
-9852.68359375,-5267.13818359375
-9717.0732421875,-5093.98095703125
-9565.353515625,-4940.61865234375
-9398.2578125,-4810.6123046875
-9216.5263671875,-4707.5224609375
-8658.56640625,-4539.5966796875
-8085.771484375,-4528.9150390625
-7500.685546875,-4642.607421875
-6905.85205078125,-4847.8046875
-6303.81591796875,-5111.6376953125
-5697.12109375,-5401.23583984375
-5088.3115234375,-5683.73046875
-4479.931640625,-5926.251953125
-3874.525390625,-6095.93017578125
-3274.636962890625,-6159.89599609375
-2682.810791015625,-6085.28076171875
-2173.207275390625,-5846.97265625
-1771.9344482421875,-5536.0263671875
-1471.270263671875,-5167.84375
-1263.4964599609375,-4757.82763671875
-1140.89111328125,-4321.37744140625
-1095.73583984375,-3873.898681640625
-1120.3087158203125,-3430.79150390625
-1206.8912353515625,-3007.457763671875
-1347.761962890625,-2619.2998046875
-1535.2008056640625,-2281.72021484375
-1761.48828125,-2010.119140625
-1900.318115234375,-1868.61376953125
-2031.247314453125,-1709.46826171875
-2153.18408203125,-1535.8114013671875
-2265.037109375,-1350.7716064453125
-2365.71337890625,-1157.4776611328125
-2454.122314453125,-959.0582275390625
-2529.171875,-758.641845703125
-2589.76953125,-559.3572998046875
-2634.82421875,-364.333251953125
-2663.243896484375,-176.69775390625
-2673.9365234375,0.420475572347641
-2645.79296875,395.2084655761719
-2558.125244140625,771.6546630859375
-2416.441650390625,1125.7513427734375
-2226.25048828125,1453.490966796875
-1993.0616455078125,1750.8668212890625
-1722.3836669921875,2013.87060546875
-1419.7247314453125,2238.495849609375
-1090.5947265625,2420.734375
-740.501953125,2556.5791015625
-374.9560241699219,2642.0224609375
